  npes   npe   mpe   idm   jdm  ibig  jbig  nreg  minsea  maxsea  avesea
   512    16    32   128   256     8     8     1      56      64      63

ispt(  1) =     1    9   17   25   33   41   49   57
               65   73   81   89   97  105  113  121
iipe(  1) =     8    8    8    8    8    8    8    8
                8    8    8    8    8    8    8    8
ispt(  2) =     1    9   17   25   33   41   49   57
               65   73   81   89   97  105  113  121
iipe(  2) =     8    8    8    8    8    8    8    8
                8    8    8    8    8    8    8    8
ispt(  3) =     1    9   17   25   33   41   49   57
               65   73   81   89   97  105  113  121
iipe(  3) =     8    8    8    8    8    8    8    8
                8    8    8    8    8    8    8    8
ispt(  4) =     1    9   17   25   33   41   49   57
               65   73   81   89   97  105  113  121
iipe(  4) =     8    8    8    8    8    8    8    8
                8    8    8    8    8    8    8    8
ispt(  5) =     1    9   17   25   33   41   49   57
               65   73   81   89   97  105  113  121
iipe(  5) =     8    8    8    8    8    8    8    8
                8    8    8    8    8    8    8    8
ispt(  6) =     1    9   17   25   33   41   49   57
               65   73   81   89   97  105  113  121
iipe(  6) =     8    8    8    8    8    8    8    8
                8    8    8    8    8    8    8    8
ispt(  7) =     1    9   17   25   33   41   49   57
               65   73   81   89   97  105  113  121
iipe(  7) =     8    8    8    8    8    8    8    8
                8    8    8    8    8    8    8    8
ispt(  8) =     1    9   17   25   33   41   49   57
               65   73   81   89   97  105  113  121
iipe(  8) =     8    8    8    8    8    8    8    8
                8    8    8    8    8    8    8    8
ispt(  9) =     1    9   17   25   33   41   49   57
               65   73   81   89   97  105  113  121
iipe(  9) =     8    8    8    8    8    8    8    8
                8    8    8    8    8    8    8    8
ispt( 10) =     1    9   17   25   33   41   49   57
               65   73   81   89   97  105  113  121
iipe( 10) =     8    8    8    8    8    8    8    8
                8    8    8    8    8    8    8    8
ispt( 11) =     1    9   17   25   33   41   49   57
               65   73   81   89   97  105  113  121
iipe( 11) =     8    8    8    8    8    8    8    8
                8    8    8    8    8    8    8    8
ispt( 12) =     1    9   17   25   33   41   49   57
               65   73   81   89   97  105  113  121
iipe( 12) =     8    8    8    8    8    8    8    8
                8    8    8    8    8    8    8    8
ispt( 13) =     1    9   17   25   33   41   49   57
               65   73   81   89   97  105  113  121
iipe( 13) =     8    8    8    8    8    8    8    8
                8    8    8    8    8    8    8    8
ispt( 14) =     1    9   17   25   33   41   49   57
               65   73   81   89   97  105  113  121
iipe( 14) =     8    8    8    8    8    8    8    8
                8    8    8    8    8    8    8    8
ispt( 15) =     1    9   17   25   33   41   49   57
               65   73   81   89   97  105  113  121
iipe( 15) =     8    8    8    8    8    8    8    8
                8    8    8    8    8    8    8    8
ispt( 16) =     1    9   17   25   33   41   49   57
               65   73   81   89   97  105  113  121
iipe( 16) =     8    8    8    8    8    8    8    8
                8    8    8    8    8    8    8    8
ispt( 17) =     1    9   17   25   33   41   49   57
               65   73   81   89   97  105  113  121
iipe( 17) =     8    8    8    8    8    8    8    8
                8    8    8    8    8    8    8    8
ispt( 18) =     1    9   17   25   33   41   49   57
               65   73   81   89   97  105  113  121
iipe( 18) =     8    8    8    8    8    8    8    8
                8    8    8    8    8    8    8    8
ispt( 19) =     1    9   17   25   33   41   49   57
               65   73   81   89   97  105  113  121
iipe( 19) =     8    8    8    8    8    8    8    8
                8    8    8    8    8    8    8    8
ispt( 20) =     1    9   17   25   33   41   49   57
               65   73   81   89   97  105  113  121
iipe( 20) =     8    8    8    8    8    8    8    8
                8    8    8    8    8    8    8    8
ispt( 21) =     1    9   17   25   33   41   49   57
               65   73   81   89   97  105  113  121
iipe( 21) =     8    8    8    8    8    8    8    8
                8    8    8    8    8    8    8    8
ispt( 22) =     1    9   17   25   33   41   49   57
               65   73   81   89   97  105  113  121
iipe( 22) =     8    8    8    8    8    8    8    8
                8    8    8    8    8    8    8    8
ispt( 23) =     1    9   17   25   33   41   49   57
               65   73   81   89   97  105  113  121
iipe( 23) =     8    8    8    8    8    8    8    8
                8    8    8    8    8    8    8    8
ispt( 24) =     1    9   17   25   33   41   49   57
               65   73   81   89   97  105  113  121
iipe( 24) =     8    8    8    8    8    8    8    8
                8    8    8    8    8    8    8    8
ispt( 25) =     1    9   17   25   33   41   49   57
               65   73   81   89   97  105  113  121
iipe( 25) =     8    8    8    8    8    8    8    8
                8    8    8    8    8    8    8    8
ispt( 26) =     1    9   17   25   33   41   49   57
               65   73   81   89   97  105  113  121
iipe( 26) =     8    8    8    8    8    8    8    8
                8    8    8    8    8    8    8    8
ispt( 27) =     1    9   17   25   33   41   49   57
               65   73   81   89   97  105  113  121
iipe( 27) =     8    8    8    8    8    8    8    8
                8    8    8    8    8    8    8    8
ispt( 28) =     1    9   17   25   33   41   49   57
               65   73   81   89   97  105  113  121
iipe( 28) =     8    8    8    8    8    8    8    8
                8    8    8    8    8    8    8    8
ispt( 29) =     1    9   17   25   33   41   49   57
               65   73   81   89   97  105  113  121
iipe( 29) =     8    8    8    8    8    8    8    8
                8    8    8    8    8    8    8    8
ispt( 30) =     1    9   17   25   33   41   49   57
               65   73   81   89   97  105  113  121
iipe( 30) =     8    8    8    8    8    8    8    8
                8    8    8    8    8    8    8    8
ispt( 31) =     1    9   17   25   33   41   49   57
               65   73   81   89   97  105  113  121
iipe( 31) =     8    8    8    8    8    8    8    8
                8    8    8    8    8    8    8    8
ispt( 32) =     1    9   17   25   33   41   49   57
               65   73   81   89   97  105  113  121
iipe( 32) =     8    8    8    8    8    8    8    8
                8    8    8    8    8    8    8    8


jspt(  1) =     1    9   17   25   33   41   49   57
               65   73   81   89   97  105  113  121
              129  137  145  153  161  169  177  185
              193  201  209  217  225  233  241  249
jjpe(  1) =     8    8    8    8    8    8    8    8
                8    8    8    8    8    8    8    8
                8    8    8    8    8    8    8    8
                8    8    8    8    8    8    8    8
