  npes   npe   mpe   idm   jdm  ibig  jbig  nreg  minsea  maxsea  avesea
    64     4    16   128   256    32    16     1     480     512     508

ispt(  1) =     1   33   65   97
iipe(  1) =    32   32   32   32
ispt(  2) =     1   33   65   97
iipe(  2) =    32   32   32   32
ispt(  3) =     1   33   65   97
iipe(  3) =    32   32   32   32
ispt(  4) =     1   33   65   97
iipe(  4) =    32   32   32   32
ispt(  5) =     1   33   65   97
iipe(  5) =    32   32   32   32
ispt(  6) =     1   33   65   97
iipe(  6) =    32   32   32   32
ispt(  7) =     1   33   65   97
iipe(  7) =    32   32   32   32
ispt(  8) =     1   33   65   97
iipe(  8) =    32   32   32   32
ispt(  9) =     1   33   65   97
iipe(  9) =    32   32   32   32
ispt( 10) =     1   33   65   97
iipe( 10) =    32   32   32   32
ispt( 11) =     1   33   65   97
iipe( 11) =    32   32   32   32
ispt( 12) =     1   33   65   97
iipe( 12) =    32   32   32   32
ispt( 13) =     1   33   65   97
iipe( 13) =    32   32   32   32
ispt( 14) =     1   33   65   97
iipe( 14) =    32   32   32   32
ispt( 15) =     1   33   65   97
iipe( 15) =    32   32   32   32
ispt( 16) =     1   33   65   97
iipe( 16) =    32   32   32   32


jspt(  1) =     1   17   33   49   65   81   97  113
              129  145  161  177  193  209  225  241
jjpe(  1) =    16   16   16   16   16   16   16   16
               16   16   16   16   16   16   16   16
