  npes   npe   mpe   idm   jdm  ibig  jbig  nreg  minsea  maxsea  avesea
   128     8    16   128   256    16    16     1     240     256     254

ispt(  1) =     1   17   33   49   65   81   97  113
iipe(  1) =    16   16   16   16   16   16   16   16
ispt(  2) =     1   17   33   49   65   81   97  113
iipe(  2) =    16   16   16   16   16   16   16   16
ispt(  3) =     1   17   33   49   65   81   97  113
iipe(  3) =    16   16   16   16   16   16   16   16
ispt(  4) =     1   17   33   49   65   81   97  113
iipe(  4) =    16   16   16   16   16   16   16   16
ispt(  5) =     1   17   33   49   65   81   97  113
iipe(  5) =    16   16   16   16   16   16   16   16
ispt(  6) =     1   17   33   49   65   81   97  113
iipe(  6) =    16   16   16   16   16   16   16   16
ispt(  7) =     1   17   33   49   65   81   97  113
iipe(  7) =    16   16   16   16   16   16   16   16
ispt(  8) =     1   17   33   49   65   81   97  113
iipe(  8) =    16   16   16   16   16   16   16   16
ispt(  9) =     1   17   33   49   65   81   97  113
iipe(  9) =    16   16   16   16   16   16   16   16
ispt( 10) =     1   17   33   49   65   81   97  113
iipe( 10) =    16   16   16   16   16   16   16   16
ispt( 11) =     1   17   33   49   65   81   97  113
iipe( 11) =    16   16   16   16   16   16   16   16
ispt( 12) =     1   17   33   49   65   81   97  113
iipe( 12) =    16   16   16   16   16   16   16   16
ispt( 13) =     1   17   33   49   65   81   97  113
iipe( 13) =    16   16   16   16   16   16   16   16
ispt( 14) =     1   17   33   49   65   81   97  113
iipe( 14) =    16   16   16   16   16   16   16   16
ispt( 15) =     1   17   33   49   65   81   97  113
iipe( 15) =    16   16   16   16   16   16   16   16
ispt( 16) =     1   17   33   49   65   81   97  113
iipe( 16) =    16   16   16   16   16   16   16   16


jspt(  1) =     1   17   33   49   65   81   97  113
              129  145  161  177  193  209  225  241
jjpe(  1) =    16   16   16   16   16   16   16   16
               16   16   16   16   16   16   16   16
