  npes   npe   mpe   idm   jdm  ibig  jbig  nreg  minsea  maxsea  avesea
   256     8    32   128   256    16     8     1     112     128     127

ispt(  1) =     1   17   33   49   65   81   97  113
iipe(  1) =    16   16   16   16   16   16   16   16
ispt(  2) =     1   17   33   49   65   81   97  113
iipe(  2) =    16   16   16   16   16   16   16   16
ispt(  3) =     1   17   33   49   65   81   97  113
iipe(  3) =    16   16   16   16   16   16   16   16
ispt(  4) =     1   17   33   49   65   81   97  113
iipe(  4) =    16   16   16   16   16   16   16   16
ispt(  5) =     1   17   33   49   65   81   97  113
iipe(  5) =    16   16   16   16   16   16   16   16
ispt(  6) =     1   17   33   49   65   81   97  113
iipe(  6) =    16   16   16   16   16   16   16   16
ispt(  7) =     1   17   33   49   65   81   97  113
iipe(  7) =    16   16   16   16   16   16   16   16
ispt(  8) =     1   17   33   49   65   81   97  113
iipe(  8) =    16   16   16   16   16   16   16   16
ispt(  9) =     1   17   33   49   65   81   97  113
iipe(  9) =    16   16   16   16   16   16   16   16
ispt( 10) =     1   17   33   49   65   81   97  113
iipe( 10) =    16   16   16   16   16   16   16   16
ispt( 11) =     1   17   33   49   65   81   97  113
iipe( 11) =    16   16   16   16   16   16   16   16
ispt( 12) =     1   17   33   49   65   81   97  113
iipe( 12) =    16   16   16   16   16   16   16   16
ispt( 13) =     1   17   33   49   65   81   97  113
iipe( 13) =    16   16   16   16   16   16   16   16
ispt( 14) =     1   17   33   49   65   81   97  113
iipe( 14) =    16   16   16   16   16   16   16   16
ispt( 15) =     1   17   33   49   65   81   97  113
iipe( 15) =    16   16   16   16   16   16   16   16
ispt( 16) =     1   17   33   49   65   81   97  113
iipe( 16) =    16   16   16   16   16   16   16   16
ispt( 17) =     1   17   33   49   65   81   97  113
iipe( 17) =    16   16   16   16   16   16   16   16
ispt( 18) =     1   17   33   49   65   81   97  113
iipe( 18) =    16   16   16   16   16   16   16   16
ispt( 19) =     1   17   33   49   65   81   97  113
iipe( 19) =    16   16   16   16   16   16   16   16
ispt( 20) =     1   17   33   49   65   81   97  113
iipe( 20) =    16   16   16   16   16   16   16   16
ispt( 21) =     1   17   33   49   65   81   97  113
iipe( 21) =    16   16   16   16   16   16   16   16
ispt( 22) =     1   17   33   49   65   81   97  113
iipe( 22) =    16   16   16   16   16   16   16   16
ispt( 23) =     1   17   33   49   65   81   97  113
iipe( 23) =    16   16   16   16   16   16   16   16
ispt( 24) =     1   17   33   49   65   81   97  113
iipe( 24) =    16   16   16   16   16   16   16   16
ispt( 25) =     1   17   33   49   65   81   97  113
iipe( 25) =    16   16   16   16   16   16   16   16
ispt( 26) =     1   17   33   49   65   81   97  113
iipe( 26) =    16   16   16   16   16   16   16   16
ispt( 27) =     1   17   33   49   65   81   97  113
iipe( 27) =    16   16   16   16   16   16   16   16
ispt( 28) =     1   17   33   49   65   81   97  113
iipe( 28) =    16   16   16   16   16   16   16   16
ispt( 29) =     1   17   33   49   65   81   97  113
iipe( 29) =    16   16   16   16   16   16   16   16
ispt( 30) =     1   17   33   49   65   81   97  113
iipe( 30) =    16   16   16   16   16   16   16   16
ispt( 31) =     1   17   33   49   65   81   97  113
iipe( 31) =    16   16   16   16   16   16   16   16
ispt( 32) =     1   17   33   49   65   81   97  113
iipe( 32) =    16   16   16   16   16   16   16   16


jspt(  1) =     1    9   17   25   33   41   49   57
               65   73   81   89   97  105  113  121
              129  137  145  153  161  169  177  185
              193  201  209  217  225  233  241  249
jjpe(  1) =     8    8    8    8    8    8    8    8
                8    8    8    8    8    8    8    8
                8    8    8    8    8    8    8    8
                8    8    8    8    8    8    8    8
