  npes   npe   mpe   idm   jdm  ibig  jbig  nreg  minsea  maxsea  avesea
   128     8    16   208   512    26    32     1     806     832     828

ispt(  1) =     1   27   53   79  105  131  157  183
iipe(  1) =    26   26   26   26   26   26   26   26
ispt(  2) =     1   27   53   79  105  131  157  183
iipe(  2) =    26   26   26   26   26   26   26   26
ispt(  3) =     1   27   53   79  105  131  157  183
iipe(  3) =    26   26   26   26   26   26   26   26
ispt(  4) =     1   27   53   79  105  131  157  183
iipe(  4) =    26   26   26   26   26   26   26   26
ispt(  5) =     1   27   53   79  105  131  157  183
iipe(  5) =    26   26   26   26   26   26   26   26
ispt(  6) =     1   27   53   79  105  131  157  183
iipe(  6) =    26   26   26   26   26   26   26   26
ispt(  7) =     1   27   53   79  105  131  157  183
iipe(  7) =    26   26   26   26   26   26   26   26
ispt(  8) =     1   27   53   79  105  131  157  183
iipe(  8) =    26   26   26   26   26   26   26   26
ispt(  9) =     1   27   53   79  105  131  157  183
iipe(  9) =    26   26   26   26   26   26   26   26
ispt( 10) =     1   27   53   79  105  131  157  183
iipe( 10) =    26   26   26   26   26   26   26   26
ispt( 11) =     1   27   53   79  105  131  157  183
iipe( 11) =    26   26   26   26   26   26   26   26
ispt( 12) =     1   27   53   79  105  131  157  183
iipe( 12) =    26   26   26   26   26   26   26   26
ispt( 13) =     1   27   53   79  105  131  157  183
iipe( 13) =    26   26   26   26   26   26   26   26
ispt( 14) =     1   27   53   79  105  131  157  183
iipe( 14) =    26   26   26   26   26   26   26   26
ispt( 15) =     1   27   53   79  105  131  157  183
iipe( 15) =    26   26   26   26   26   26   26   26
ispt( 16) =     1   27   53   79  105  131  157  183
iipe( 16) =    26   26   26   26   26   26   26   26


jspt(  1) =     1   33   65   97  129  161  193  225
              257  289  321  353  385  417  449  481
jjpe(  1) =    32   32   32   32   32   32   32   32
               32   32   32   32   32   32   32   32
