  npes   npe   mpe   idm   jdm  ibig  jbig  nreg  minsea  maxsea  avesea
    64     4    16   208   512    52    32     1    1612    1664    1657

ispt(  1) =     1   53  105  157
iipe(  1) =    52   52   52   52
ispt(  2) =     1   53  105  157
iipe(  2) =    52   52   52   52
ispt(  3) =     1   53  105  157
iipe(  3) =    52   52   52   52
ispt(  4) =     1   53  105  157
iipe(  4) =    52   52   52   52
ispt(  5) =     1   53  105  157
iipe(  5) =    52   52   52   52
ispt(  6) =     1   53  105  157
iipe(  6) =    52   52   52   52
ispt(  7) =     1   53  105  157
iipe(  7) =    52   52   52   52
ispt(  8) =     1   53  105  157
iipe(  8) =    52   52   52   52
ispt(  9) =     1   53  105  157
iipe(  9) =    52   52   52   52
ispt( 10) =     1   53  105  157
iipe( 10) =    52   52   52   52
ispt( 11) =     1   53  105  157
iipe( 11) =    52   52   52   52
ispt( 12) =     1   53  105  157
iipe( 12) =    52   52   52   52
ispt( 13) =     1   53  105  157
iipe( 13) =    52   52   52   52
ispt( 14) =     1   53  105  157
iipe( 14) =    52   52   52   52
ispt( 15) =     1   53  105  157
iipe( 15) =    52   52   52   52
ispt( 16) =     1   53  105  157
iipe( 16) =    52   52   52   52


jspt(  1) =     1   33   65   97  129  161  193  225
              257  289  321  353  385  417  449  481
jjpe(  1) =    32   32   32   32   32   32   32   32
               32   32   32   32   32   32   32   32
