  npes   npe   mpe   idm   jdm  ibig  jbig  nreg  minsea  maxsea  avesea
   256     8    32   208   512    26    16     1     390     416     414

ispt(  1) =     1   27   53   79  105  131  157  183
iipe(  1) =    26   26   26   26   26   26   26   26
ispt(  2) =     1   27   53   79  105  131  157  183
iipe(  2) =    26   26   26   26   26   26   26   26
ispt(  3) =     1   27   53   79  105  131  157  183
iipe(  3) =    26   26   26   26   26   26   26   26
ispt(  4) =     1   27   53   79  105  131  157  183
iipe(  4) =    26   26   26   26   26   26   26   26
ispt(  5) =     1   27   53   79  105  131  157  183
iipe(  5) =    26   26   26   26   26   26   26   26
ispt(  6) =     1   27   53   79  105  131  157  183
iipe(  6) =    26   26   26   26   26   26   26   26
ispt(  7) =     1   27   53   79  105  131  157  183
iipe(  7) =    26   26   26   26   26   26   26   26
ispt(  8) =     1   27   53   79  105  131  157  183
iipe(  8) =    26   26   26   26   26   26   26   26
ispt(  9) =     1   27   53   79  105  131  157  183
iipe(  9) =    26   26   26   26   26   26   26   26
ispt( 10) =     1   27   53   79  105  131  157  183
iipe( 10) =    26   26   26   26   26   26   26   26
ispt( 11) =     1   27   53   79  105  131  157  183
iipe( 11) =    26   26   26   26   26   26   26   26
ispt( 12) =     1   27   53   79  105  131  157  183
iipe( 12) =    26   26   26   26   26   26   26   26
ispt( 13) =     1   27   53   79  105  131  157  183
iipe( 13) =    26   26   26   26   26   26   26   26
ispt( 14) =     1   27   53   79  105  131  157  183
iipe( 14) =    26   26   26   26   26   26   26   26
ispt( 15) =     1   27   53   79  105  131  157  183
iipe( 15) =    26   26   26   26   26   26   26   26
ispt( 16) =     1   27   53   79  105  131  157  183
iipe( 16) =    26   26   26   26   26   26   26   26
ispt( 17) =     1   27   53   79  105  131  157  183
iipe( 17) =    26   26   26   26   26   26   26   26
ispt( 18) =     1   27   53   79  105  131  157  183
iipe( 18) =    26   26   26   26   26   26   26   26
ispt( 19) =     1   27   53   79  105  131  157  183
iipe( 19) =    26   26   26   26   26   26   26   26
ispt( 20) =     1   27   53   79  105  131  157  183
iipe( 20) =    26   26   26   26   26   26   26   26
ispt( 21) =     1   27   53   79  105  131  157  183
iipe( 21) =    26   26   26   26   26   26   26   26
ispt( 22) =     1   27   53   79  105  131  157  183
iipe( 22) =    26   26   26   26   26   26   26   26
ispt( 23) =     1   27   53   79  105  131  157  183
iipe( 23) =    26   26   26   26   26   26   26   26
ispt( 24) =     1   27   53   79  105  131  157  183
iipe( 24) =    26   26   26   26   26   26   26   26
ispt( 25) =     1   27   53   79  105  131  157  183
iipe( 25) =    26   26   26   26   26   26   26   26
ispt( 26) =     1   27   53   79  105  131  157  183
iipe( 26) =    26   26   26   26   26   26   26   26
ispt( 27) =     1   27   53   79  105  131  157  183
iipe( 27) =    26   26   26   26   26   26   26   26
ispt( 28) =     1   27   53   79  105  131  157  183
iipe( 28) =    26   26   26   26   26   26   26   26
ispt( 29) =     1   27   53   79  105  131  157  183
iipe( 29) =    26   26   26   26   26   26   26   26
ispt( 30) =     1   27   53   79  105  131  157  183
iipe( 30) =    26   26   26   26   26   26   26   26
ispt( 31) =     1   27   53   79  105  131  157  183
iipe( 31) =    26   26   26   26   26   26   26   26
ispt( 32) =     1   27   53   79  105  131  157  183
iipe( 32) =    26   26   26   26   26   26   26   26


jspt(  1) =     1   17   33   49   65   81   97  113
              129  145  161  177  193  209  225  241
              257  273  289  305  321  337  353  369
              385  401  417  433  449  465  481  497
jjpe(  1) =    16   16   16   16   16   16   16   16
               16   16   16   16   16   16   16   16
               16   16   16   16   16   16   16   16
               16   16   16   16   16   16   16   16
